-RJ—

Quis 331 131133 313133 1113 1131331133 (111) [1133111 1111311313
1331331 33 3311333 1331133133 , 33 311331 31113131ΙΙΙ [13133 1331
3333111333113 1313 13 113131133333111113331331133 1 Diui 33131
1131331 331 313313 3133113111 3333· 1311113131 331 3313311331
313313 11131133111 331 1133311331 1313333111 3333 13131313 ,
113311313 1333331 3 331313313 31311331 31 1131333333 3131331311
331113311331 1331331, 313113 1131333333, 1113113 ω33331.013313
331331 31333331 11331313 3333 333311133 31 3111313111 331133-
331. 133311 31 11313 3331331131 falli 333 3111131333 , 3111113311-
333 331131133 3333 3111133111 11131331, 33111 11133 3111313 333
3133 13313 31 31133311333 3133113 1133311 11331. Ne 3311331
113111313 31 311131331 133313 3333331333331 31113133, 313313
11133331 1313311331. Lapides 33113 1331 13331 113333331 1133-
3331 , 111111 1131333333111 13333 3111313331 1133111313 3113111 13-
3331 11331131313 11311333 13 1133 1131333 1131333331. Ρ31331 331
311313 113313 3333 3111133111 313313 3113331131113 3131313113313,
33 1133 3311311113 333 3131113 1313311331 13331 31 1313131331.
Ner: 1111333 13 3113313 331 333 113333 11331 31 11311133 1331331
3113331131 1113111133 31 311333 31333313 3131333133, 311333
31113 11113 1131333331, 1133111111 1111111313 111 11311313 1113133 31
1111133 1133333133, 31 1131133 3311333113 331133 3333311113
11331 [13333111 11131 31111 111333 113311313Ξ 313133 31 11313113
531133331 igitur· 31 1133331333 313313 313313 1133 31333 11111-
3333133 31 1131333331, 33 1133113111 33 3311333 33 1131113331 ,
1133111331 33311133 31333331 11313313 , 3113 33311133 31333311-
tur*

Ε3 autem 111333111311333 1111333113 (2) 111 1131313111 11333-

 

[11 Lib. 11111 , zap. 3,’ 1. 353, 351.
[a] 1113.1Ἷ[1,3111.1ξ,1“. 355,

